-9.475078444
-8.211670338
-7.21814776
-7.293256841
-8.349112496
-9.589906939
-9.720119185
-8.49451095
-7.271203415
-7.097171989
-8.036861789
-9.426933954
-9.916475854
-8.824664842
-7.390549977
-6.934535473
-7.703644972
-9.179668487
-10.04709133
-9.195170758
-7.5884108
-6.819741623
-7.363100735
-8.849959419
-10.08327263
-9.587307838
-7.875826691
-6.769549171
-7.03135281
-8.446186035
-9.997456401
-9.970096267
-8.261160064
-6.803986868
-6.727296172
-7.983458718
-9.767926615
-10.29785649
-8.74590819
-6.947059169
-6.473353337
-7.483274787
-9.384156097
-10.51036757
-9.317415818
-7.226866195
-6.296999427
-6.972956955
-8.85145812
-10.53831559
-9.937622555
-7.673801391
-6.233338118
-6.485475703
-8.193466007
-10.31634278
-10.52877063
-8.313850319
-6.328871336
-6.060572266
-7.451602066
-9.803067254
-10.96213847
-9.15112796
-6.645844488
-5.748526213
-6.682171283
-9.001957252
-11.06486302
-10.13060617
-7.263719719
-5.618555136
-5.953642829
-7.972603566
-10.66554422
-11.07577916
-8.265455058
-5.774425771
-5.348830286
-6.82485935
-9.68160698
-11.62948658
-9.673229937
-6.377681045
-4.979905161
-5.700322709
-8.201030233
-11.31045795
-11.26202873
-7.659226897
-5.030890397
-4.760907898
-6.481371994
-9.823885926
-12.24088342
-9.801088759
-5.850803148
-4.22116
-4.857823168
-7.443560867
-11.33017409
-12.26467616
-8.062115156
-4.504872302
-3.676672437
-4.926988516
-8.193515798
-12.42890553
-11.93090098
-6.706809846
-3.493226652
-3.031119089
-4.459761166
-8.002605541
-12.91523023
-12.42253862
-6.303389812
-2.670273093
-1.922771563
-2.766318403
-5.339086478
-10.59189706
-14.93434286
-9.461630979
-2.950413931
-0.492236061
0.191180465
0.581133183
1.32218557
3.217677262
8.022513686
16.00372276
13.0149863
2.674954338
-1.926615444
-4.060168734
-6.792739441
-10.87016707
-12.71104191
-8.727620325
-4.632715649
-3.384961445
-4.281704985
-7.174143558
-11.75311351
-12.94375535
-7.774372438
-3.645433472
-2.569829716
-3.421168817
-6.170049425
-11.2456261
-14.10100799
-8.583807001
-3.219269202
-1.41123789
-1.412844011
-2.520407893
-5.407530639
-11.39437093
-15.63070565
-8.397956973
-1.642735655
0.831681781
2.106496911
4.14248402
8.442496492
14.26365995
12.24023334
4.711239685
1.015257351
-0.050065273
-0.464315233
-1.052333854
-2.496112883
-6.221726907
-13.86198034
-15.66662532
-5.14767148
0.993263955
3.395365566
5.751940145
9.565636697
12.85125813
10.33120984
5.539384843
3.417665449
3.693143186
5.89368831
10.1835111
13.50569125
9.789960039
4.573076279
2.550662921
2.772698039
4.700566388
8.965054826
14.02284045
11.47537418
4.785053742
1.642198275
1.007114167
1.456789136
2.992660252
6.784165675
13.74122936
14.62920747
5.478486479
0.108966471
-1.862607587
-3.574174114
-6.844977142
-12.21963477
-13.72496813
-7.352502166
-2.592686398
-1.181746825
-1.29846842
-2.426681954
-5.338149299
-11.46630896
-15.8399536
-8.279497884
-1.368098437
1.177494354
2.62735018
5.048681248
9.808932559
14.49019769
10.43521876
3.883680501
1.184326265
0.645492644
0.922095222
1.942067772
4.59934636
10.72396998
16.69088055
9.121757177
0.988853293
-2.115269783
-4.031590125
-7.106264593
-11.72204429
-12.96768727
-7.808137482
-3.651817802
-2.557285369
-3.391875955
-6.115651754
-11.18018625
-14.13368351
-8.668013651
-3.246769546
-1.400392098
-1.377131017
-2.444603109
-5.247104448
-11.14666304
-15.71324954
-8.712463335
-1.754174058
0.827100036
2.128298727
4.166004334
8.445488634
14.21294941
12.22456209
4.766612356
1.091936724
0.05585903
-0.278242408
-0.66108532
-1.578194353
-4.015583748
-10.06268802
-17.33507471
-9.874323293
-0.599590183
2.978507308
5.164343902
8.328834994
11.92319806
11.4225414
7.055469335
4.280128778
4.057434953
5.840210805
9.55061245
12.86461936
10.38075401
5.556907924
3.402738842
3.655064565
5.828071049
10.10519607
13.52531203
9.891660978
4.611346919
2.531147035
2.712540209
4.583114026
8.776779444
13.96028337
11.71501909
4.928179766
1.646678041
0.939791447
1.309757275
2.674143897
6.102957128
12.90574891
15.43468144
6.460289882
0.3728125
-1.851557638
-3.569635887
-6.723711054
-11.92982802
-13.71358029
-7.699970159
-2.897262675
-1.455603337
-1.676705762
-3.115553474
-6.672255703
-13.1115653
-14.54242796
-6.284355336
-0.948155218
0.883544606
2.027608575
4.112145558
8.638888685
14.7033925
12.04360948
4.162653121
0.486851085
-0.713598022
-1.61860222
-3.452194915
-7.717704414
-14.58925149
-13.37303568
-4.452082764
0.070639826
1.754742373
3.403186559
6.704607438
12.32010742
14.01872291
7.257252224
2.256037622
0.703334121
0.518894016
0.896512783
2.016736664
4.947209999
11.63273344
16.84782373
7.85529219
0.144999582
-2.750866621
-4.855240932
-8.258409077
-12.38047499
-11.77791158
-6.699096747
-3.610178162
-3.227398478
-4.76479255
-8.423678758
-13.06245865
-11.90703598
-5.991129048
-2.73942265
-2.227785471
-3.360135678
-6.447541662
-11.99328529
-14.23741382
-7.674025016
-2.410503148
-0.713947615
-0.467631195
-0.771992581
-1.721237962
-4.22797784
-10.26073476
-17.03434122
-9.676851997
-0.860211383
2.543739229
4.619759569
7.777230021
11.91086512
12.14464352
7.351874932
3.958167115
3.340152461
4.710832663
8.154885745
12.72606835
12.12691502
6.43660397
3.04883584
2.472212476
3.647581821
6.832320096
12.23746882
13.78242254
7.340737578
2.533210867
1.094598572
1.156215426
2.150302966
4.762110774
10.55286005
16.09819239
9.452403625
1.756670743
-1.199580124
-2.75202342
-5.17929117
-9.827313699
-14.25384863
-10.37766767
-4.106821676
-1.521307427
-1.146861423
-1.835237962
-3.855006315
-8.585404011
-15.2838511
-12.17943627
-3.506885067
0.410578397
1.969940241
3.774148451
7.44494638
13.11703325
13.30441126
6.229172306
1.889046082
0.66630158
0.617847378
1.153510087
2.643070523
6.456159915
14.00794724
15.29321221
5.033296265
-0.825233741
-3.116262871
-5.399217447
-9.264805563
-13.03726705
-10.77548278
-5.57013731
-3.1181649
-3.147775962
-5.014402126
-9.10289839
-13.63984978
-11.19710572
-5.107856256
-2.238796831
-1.884682504
-2.981935551
-5.948817708
-11.65340831
-14.83373023
-8.110723225
-2.199517155
-0.150224264
0.518373074
1.178171562
2.665240543
6.376064852
13.69151426
15.31874623
5.448499879
-0.445732399
-2.696681577
-4.810698322
-8.552651583
-13.00033302
-11.68364975
-5.981912465
-2.90289171
-2.511646468
-3.83947458
-7.248448334
-12.70570274
-13.41445193
-6.735883477
-2.295961205
-1.056502317
-1.203887512
-2.297161921
-5.125026071
-11.22266375
-16.04807977
-8.570604519
-1.343802648
1.353064829
2.911688892
5.497488773
10.34387105
14.30490565
9.725742519
3.72852286
1.42947882
1.176345085
1.960629413
4.167047968
9.231596925
15.62315588
11.27642268
2.931687457
-0.597785937
-2.089205848
-3.997754452
-7.900620157
-13.54411705
-12.8059702
-5.652924563
-1.674120785
-0.609574909
-0.604150739
-1.157648744
-2.680306769
-6.583821298
-14.23423643
-15.13835753
-4.761613679
0.980932732
3.256999202
5.59889844
9.507175021
13.03311428
10.47019335
5.424500103
3.16857435
3.333224663
5.36462997
9.604745085
13.70214093
10.56380372
4.773989839
2.2721843
2.140505313
3.521341776
6.990255406
12.8473284
13.88849159
6.60836653
1.783795607
0.295976745
-0.073219324
-0.26789375
-0.63851986
-1.613039957
-4.287223965
-10.9653888
-17.78436786
-8.479016685
0.437406764
3.778778692
6.075052536
9.24007765
11.87598517
10.27553203
6.509195217
4.637684788
5.040789911
7.363818731
10.94177234
12.07541824
8.433761917
4.995702778
4.120248824
5.354602906
8.521461319
12.25274492
11.41138714
6.701591235
3.917090114
3.727112979
5.510587005
9.337630634
13.1166517
10.7351815
5.471529615
3.028360689
3.055255326
4.895374961
8.971622592
13.66486251
11.37700911
5.146626154
2.155202966
1.714622227
2.669398601
5.357256587
10.86461649
15.19673399
9.110740701
2.493407459
0.035940982
-0.840874827
-1.802758843
-3.967966986
-8.959045832
-15.65508506
-11.65559836
-2.979709328
0.758343956
2.36688885
4.441111597
8.537903885
13.75160258
11.97365506
5.233514251
1.822293431
1.084046706
1.519167705
3.074418511
6.89383373
13.77349523
14.45775961
5.451329846
0.212052045
-1.690602073
-3.303702874
-6.418112449
-11.84972993
-14.15442808
-7.841996086
-2.617619324
-0.939177623
-0.807226322
-1.42811602
-3.171475795
-7.480576779
-14.90279238
-13.7961832
-4.053115512
0.805791008
2.774109129
4.982342173
9.004974627
13.42026432
11.24289556
5.360923909
2.513055186
2.21859044
3.50762744
6.835770238
12.53995038
13.96301037
6.987905182
2.068212662
0.551800574
0.306847194
0.485721328
1.091038642
2.725661511
7.03518003
15.31126045
14.56613724
3.423539934
-2.001286862
-4.329707062
-6.979745786
-10.70029202
-12.27640636
-8.769042191
-5.074601608
-3.979723152
-5.036737365
-8.058591483
-12.04720593
-11.90493372
-7.123635153
-3.941467248
-3.471878428
-4.984136971
-8.574022644
-12.91750774
-11.64797905
-6.065243501
-3.025464631
-2.667744187
-4.074359657
-7.600266439
-12.92076693
-12.99898614
-6.418970183
-2.325778838
-1.283406884
-1.650824623
-3.210691091
-7.014675679
-13.67947587
-14.22433745
-5.582632454
-0.520996644
1.255069422
2.603940385
5.212454915
10.42037788
14.95453621
9.680003374
3.043858095
0.495607406
-0.224887038
-0.652195593
-1.475367431
-3.573309711
-8.779045775
-16.44986755
-11.86057407
-2.065460536
2.038896857
4.095141018
6.934431504
11.15148412
12.75809176
8.415128674
4.34526218
3.189804784
4.125689515
7.057602061
11.79879901
13.14600564
7.765991799
3.45829956
2.286038107
2.985054463
5.45626061
10.4288134
14.5304874
9.647998192
3.459102524
1.100907734
0.701232522
1.08993264
2.340239319
5.543597942
12.37238274
16.17388573
7.026191431
0.194627389
-2.34696319
-4.302102254
-7.695330875
-12.41850534
-12.57248459
-6.905267501
-3.16023183
-2.360038967
-3.336383927
-6.217560213
-11.51969138
-14.25548472
-8.259485726
-2.842580737
-1.040527807
-0.892412245
-1.561930121
-3.437003213
-7.991196515
-15.2500569
-13.04913075
-3.624647218
0.814660618
2.654118085
4.83471142
8.915491106
13.56985107
11.40824674
5.259289941
2.26820867
1.8485464
2.882286479
5.736369936
11.35051331
14.95574915
8.492928928
2.347744648
0.164315863
-0.549855311
-1.24371554
-2.796395205
-6.637636168
-13.96742227
-14.95961878
-5.144951637
0.46871459
2.624826203
4.718362614
8.490857832
13.07776395
11.79854241
5.935192557
2.760700543
2.298115867
3.493633761
6.686981635
12.2435077
14.01767796
7.3535263
2.33966825
0.782029045
0.634185016
1.120094354
2.51511939
6.087959513
13.39976954
15.72105045
5.755998689
-0.475403461
-2.848669524
-5.011334752
-8.733052155
-12.91675253
-11.41044853
-5.972484426
-3.10557829
-2.86340718
-4.422577243
-8.151476955
-13.23927499
-12.34916396
-5.9144672
-2.310499926
-1.544483502
-2.203756402
-4.348567437
-9.155233207
-15.0652418
-11.36796537
-3.588325983
-0.200266933
0.972011185
2.060644209
4.377218969
9.476225483
15.48541877
10.94017686
2.992755902
-0.319826075
-1.643477875
-3.245198266
-6.658158746
-12.63595022
-14.29576864
-6.88068355
-1.691258084
-0.008041854
0.594582818
1.31915484
3.020486914
7.234518602
14.78007097
14.16888311
4.183276396
-0.911314783
-2.974783045
-5.257300258
-9.285698975
-13.32884545
-10.85003373
-5.295762227
-2.724805486
-2.63206784
-4.238965655
-8.054916112
-13.42861217
-12.55556199
-5.742964421
-1.963708178
-1.051821922
-1.372394156
-2.725527859
-6.119996601
-12.7930953
-15.33747145
-6.620543736
-0.589953333
1.588518623
3.171063459
6.080362287
11.30017771
14.26483748
8.5272441
3.024348225
1.154808872
1.02095719
1.786013813
3.898010224
8.869213074
15.69184076
11.78302285
2.960577402
-0.857801053
-2.521422933
-4.683707234
-8.869850905
-13.80668139
-11.53806132
-5.042806659
-1.912094975
-1.344475606
-2.024699132
-4.117318739
-8.905004523
-15.1953943
-11.72230689
-3.526931823
0.100181222
1.461194413
2.919844894
6.00231941
11.81098259
14.85099454
7.909718574
2.037589304
0.011876211
-0.715218985
-1.558903684
-3.504082946
-8.161601091
-15.4049189
-12.80323249
-3.422904166
0.901165332
2.727622548
4.957896392
9.10893336
13.63434942
11.17242046
5.101826624
2.248917097
1.906039435
3.02135245
6.022442197
11.74409389
14.77661443
7.996877042
2.16992505
0.166826153
-0.475734981
-1.093779955
-2.48260548
-5.977380789
-13.17551641
-15.81765781
-6.034119514
0.307624506
2.702351443
4.804231617
8.453687657
12.83760838
11.74472508
6.182751181
3.079235634
2.683743312
4.066058618
7.557687186
12.8565692
13.03067145
6.499853612
2.38117473
1.328860084
1.712801672
3.322815325
7.220586286
13.85490204
13.95581706
5.36891407
0.505843381
-1.189284163
-2.487658562
-5.022520949
-10.18830002
-15.05431763
-9.984608051
-3.088957972
-0.377379005